0 0.096094 0.579625 0.104688 0.208431
0 0.044531 0.494145 0.085938 0.168618
0 0.207031 0.599532 0.117188 0.135831
0 0.260156 0.572600 0.139063 0.166276
0 0.318750 0.600703 0.071875 0.110070
0 0.370312 0.571429 0.134375 0.163934
0 0.515625 0.552693 0.093750 0.163934
0 0.204687 0.504684 0.128125 0.185012
0 0.371875 0.442623 0.109375 0.117096
0 0.589844 0.577283 0.089063 0.119438
0 0.679688 0.573770 0.128125 0.121780
0 0.652344 0.475410 0.064062 0.084309
0 0.756250 0.555035 0.131250 0.121780
0 0.910937 0.539813 0.071875 0.086651
